Time	Angle(deg)	Pressure_plenum_4(bar)	Temperature_plenum_4(degC)	Mass_plenum_4(kg)	Pressure_plenum_5(bar)	Temperature_plenum_5(degC)	Mass_plenum_5(kg)	Pressure_plenum_14(bar)	Temperature_plenum_14(degC)	Mass_plenum_14(kg)
37.4544	0.377296	2.93628	720.817	0.00113223	2.93628	720.816	0.00113223	3.25261	756.459	0.211804
37.4546	1.54554	2.93804	721.369	0.00113229	2.93804	721.369	0.00113229	3.25357	756.679	0.211821
37.4547	2.13495	2.93876	721.625	0.00113227	2.93876	721.625	0.00113227	3.25389	756.765	0.211825
37.4549	3.33279	2.93988	722.1	0.00113216	2.93987	722.099	0.00113216	3.25417	756.883	0.211818
37.4551	4.53946	2.9406	722.518	0.00113196	2.9406	722.518	0.00113196	3.25397	756.932	0.211795
37.4552	5.13832	2.94081	722.702	0.00113183	2.94081	722.702	0.00113183	3.25367	756.928	0.211776
37.4554	6.31621	2.94086	723.012	0.0011315	2.94086	723.012	0.0011315	3.25263	756.863	0.211722
37.4556	7.46475	2.94042	723.244	0.00113107	2.94042	723.244	0.00113107	3.25095	756.72	0.211642
37.4557	8.03256	2.94002	723.331	0.00113082	2.94001	723.331	0.00113081	3.24991	756.623	0.211594
37.4559	9.16668	2.93881	723.45	0.00113022	2.93881	723.45	0.00113022	3.2475	756.389	0.211485
37.4561	10.3036	2.93716	723.503	0.00112952	2.93714	723.502	0.00112952	3.2447	756.107	0.211361
37.4563	11.4433	2.93512	723.497	0.00112874	2.9351	723.495	0.00112874	3.24171	755.798	0.21123
37.4564	12.0151	2.93398	723.473	0.00112833	2.93399	723.474	0.00112833	3.24009	755.63	0.211158
37.4566	13.1616	2.93149	723.39	0.00112747	2.93147	723.388	0.00112746	3.23661	755.271	0.211005
37.4568	14.3186	2.92864	723.249	0.00112653	2.92862	723.246	0.00112653	3.23283	754.886	0.210838
37.457	15.5009	2.92537	723.046	0.0011255	2.92543	723.052	0.00112552	3.22861	754.462	0.21065
37.4571	16.1073	2.92362	722.927	0.00112497	2.92362	722.926	0.00112496	3.2263	754.234	0.210546
37.4573	17.3297	2.91976	722.636	0.00112381	2.91981	722.641	0.00112382	3.22116	753.736	0.210312
37.4575	18.5217	2.91559	722.293	0.00112259	2.91564	722.297	0.0011226	3.21554	753.203	0.210054
37.4577	19.106	2.91336	722.1	0.00112195	2.91343	722.107	0.00112197	3.2126	752.928	0.209918
37.4579	20.2615	2.90864	721.677	0.00112061	2.9087	721.683	0.00112062	3.20655	752.368	0.209638
37.4581	21.4099	2.90366	721.215	0.00111921	2.90365	721.214	0.0011192	3.20037	751.8	0.209349
37.4583	22.5497	2.89845	720.722	0.00111775	2.89847	720.724	0.00111776	3.19407	751.223	0.209055
37.4584	23.1163	2.89583	720.47	0.00111702	2.8958	720.467	0.00111702	3.19093	750.935	0.208908
37.4586	24.246	2.89041	719.945	0.00111552	2.89036	719.94	0.00111551	3.18469	750.363	0.208616
37.4588	25.3815	2.88484	719.399	0.00111399	2.88482	719.397	0.00111398	3.17848	749.792	0.208326
37.459	26.5288	2.8792	718.841	0.00111243	2.87922	718.844	0.00111244	3.17231	749.223	0.208037
37.4591	27.1094	2.87641	718.565	0.00111167	2.87635	718.559	0.00111165	3.16923	748.938	0.207893
37.4593	28.2913	2.87063	717.99	0.00111008	2.87066	717.994	0.00111008	3.16309	748.371	0.207605
37.4595	29.5065	2.8648	717.409	0.00110847	2.86486	717.415	0.00110849	3.15691	747.799	0.207316
37.4596	30.1172	2.86191	717.121	0.00110768	2.86199	717.129	0.0011077	3.15387	747.517	0.207173
37.4598	31.3161	2.85636	716.566	0.00110615	2.85642	716.572	0.00110616	3.14815	746.986	0.206905
37.46	32.4982	2.85112	716.043	0.0011047	2.8511	716.041	0.0011047	3.14288	746.494	0.206658
37.4601	33.0824	2.84857	715.789	0.001104	2.84863	715.794	0.00110401	3.14043	746.262	0.206544
37.4603	34.2341	2.84386	715.318	0.0011027	2.84387	715.318	0.0011027	3.13588	745.824	0.206334
37.4605	35.3707	2.8395	714.881	0.00110149	2.83947	714.878	0.00110149	3.13173	745.407	0.206145
37.4607	36.5004	2.83541	714.472	0.00110036	2.83538	714.469	0.00110036	3.12792	745.004	0.205976
37.4608	37.0628	2.83348	714.279	0.00109983	2.83345	714.276	0.00109982	3.12612	744.805	0.205898
37.461	38.1949	2.82979	713.909	0.00109881	2.82977	713.907	0.0010988	3.1228	744.418	0.205757
37.4612	39.3435	2.82635	713.565	0.00109785	2.82634	713.564	0.00109785	3.11971	744.033	0.205631
37.4614	40.5092	2.82315	713.245	0.00109697	2.82315	713.245	0.00109697	3.11685	743.65	0.20552
37.4615	41.1019	2.82164	713.093	0.00109655	2.82161	713.09	0.00109654	3.11551	743.458	0.205471
37.4617	42.323	2.81869	712.794	0.00109573	2.81868	712.793	0.00109573	3.11306	743.075	0.205386
37.4619	43.5513	2.81606	712.522	0.00109502	2.81606	712.522	0.00109501	3.11101	742.714	0.205324
37.462	44.1531	2.81491	712.401	0.0010947	2.81491	712.4	0.0010947	3.1101	742.548	0.205297
37.4622	45.333	2.81288	712.177	0.00109416	2.81288	712.177	0.00109416	3.10835	742.266	0.205239
37.4624	46.4898	2.81103	711.963	0.00109368	2.81103	711.962	0.00109368	3.10662	742.074	0.205164
37.4625	47.0627	2.81014	711.855	0.00109346	2.81014	711.854	0.00109345	3.10572	742.011	0.205117
37.4627	48.1963	2.80839	711.634	0.00109302	2.8084	711.633	0.00109302	3.10385	741.927	0.20501
37.4629	49.3183	2.80667	711.404	0.0010926	2.80667	711.404	0.0010926	3.10182	741.837	0.204895
37.4631	50.4505	2.80487	711.156	0.00109218	2.80487	711.156	0.00109218	3.0996	741.689	0.204778
37.4632	51.0216	2.80392	711.023	0.00109195	2.80392	711.023	0.00109196	3.09839	741.588	0.204718
37.4634	52.1713	2.80192	710.744	0.00109148	2.80192	710.744	0.00109149	3.09575	741.343	0.204593
37.4636	53.3401	2.79966	710.441	0.00109094	2.79971	710.446	0.00109096	3.09291	741.07	0.204461
37.4639	54.5546	2.7972	710.131	0.00109033	2.79723	710.134	0.00109034	3.08996	740.781	0.204324
37.464	55.1714	2.79593	709.98	0.00109	2.79596	709.983	0.00109001	3.08845	740.628	0.204255
37.4642	56.3863	2.7934	709.698	0.00108933	2.79344	709.701	0.00108934	3.08547	740.314	0.204121
37.4644	57.5732	2.79089	709.434	0.00108864	2.7909	709.434	0.00108864	3.08247	739.986	0.203988
37.4645	58.1592	2.78958	709.299	0.00108828	2.78962	709.303	0.00108829	3.08096	739.82	0.203922
37.4647	59.314	2.78698	709.032	0.00108756	2.78698	709.031	0.00108756	3.07792	739.489	0.203787
37.4649	60.4453	2.78438	708.762	0.00108684	2.78434	708.758	0.00108683	3.07496	739.168	0.203656
37.465	61.0068	2.78308	708.627	0.00108649	2.78304	708.622	0.00108647	3.0735	739.01	0.203591
37.4652	62.1363	2.78047	708.354	0.00108577	2.78043	708.349	0.00108576	3.07053	738.692	0.203458
37.4654	63.2776	2.77781	708.073	0.00108504	2.77776	708.069	0.00108503	3.06754	738.372	0.203324
37.4656	64.4241	2.7751	707.785	0.0010843	2.77507	707.782	0.00108429	3.06464	738.066	0.203194
37.4657	65.002	2.77376	707.64	0.00108394	2.77371	707.635	0.00108392	3.06327	737.923	0.203132
37.4659	66.1839	2.77111	707.35	0.00108322	2.77105	707.344	0.0010832	3.06065	737.652	0.203012
37.4661	67.3875	2.76855	707.066	0.00108254	2.76855	707.066	0.00108253	3.05817	737.402	0.202898
37.4662	68.0003	2.76733	706.929	0.00108221	2.76731	706.927	0.0010822	3.05697	737.283	0.202842
37.4664	69.2079	2.76498	706.661	0.00108158	2.765	706.663	0.00108159	3.0547	737.061	0.202736
37.4666	70.3982	2.76278	706.409	0.001081	2.7628	706.41	0.00108101	3.05264	736.864	0.202639
37.4668	71.5574	2.76081	706.179	0.00108049	2.7608	706.177	0.00108048	3.05087	736.698	0.202554
37.4669	72.1271	2.7599	706.072	0.00108025	2.75991	706.073	0.00108025	3.05008	736.627	0.202517
37.4671	73.2598	2.75824	705.876	0.00107981	2.75826	705.877	0.00107982	3.04867	736.502	0.202448
37.4673	74.3991	2.75675	705.699	0.00107942	2.75675	705.699	0.00107943	3.04739	736.394	0.202384
37.4675	75.5435	2.75538	705.537	0.00107907	2.75537	705.536	0.00107907	3.04632	736.31	0.20233
37.4676	76.1174	2.75476	705.463	0.0010789	2.75475	705.463	0.0010789	3.04588	736.277	0.202308
37.4678	77.2736	2.75366	705.333	0.00107862	2.75365	705.333	0.00107862	3.04517	736.227	0.202271
37.468	78.4412	2.75278	705.229	0.00107839	2.75277	705.228	0.00107839	3.04458	736.183	0.20224
37.4681	79.0296	2.75239	705.183	0.00107829	2.75239	705.183	0.00107829	3.04428	736.158	0.202225
37.4684	80.2289	2.75167	705.1	0.0010781	2.75166	705.099	0.00107809	3.0436	736.095	0.202193
37.4686	81.4549	2.75092	705.018	0.00107789	2.75092	705.018	0.00107789	3.04278	736.011	0.202155
37.4687	82.0618	2.75056	704.979	0.00107779	2.75055	704.978	0.00107779	3.04234	735.962	0.202135
37.4689	83.2474	2.74981	704.902	0.00107758	2.74981	704.902	0.00107758	3.04144	735.859	0.202096
37.4691	84.4055	2.74907	704.831	0.00107737	2.74906	704.83	0.00107737	3.04044	735.743	0.202053
37.4693	85.5534	2.74826	704.754	0.00107714	2.74825	704.753	0.00107714	3.03929	735.61	0.202003
37.4694	86.1269	2.7478	704.711	0.00107701	2.74781	704.712	0.00107701	3.03865	735.538	0.201976
37.4696	87.2725	2.74681	704.617	0.00107672	2.74682	704.617	0.00107673	3.03731	735.384	0.201917
37.4698	88.4143	2.74573	704.512	0.00107642	2.74572	704.511	0.00107641	3.03583	735.218	0.201852
37.47	89.5561	2.74454	704.393	0.00107608	2.74455	704.394	0.00107608	3.03415	735.034	0.201777
37.4701	90.1299	2.74389	704.328	0.0010759	2.7439	704.328	0.0010759	3.03322	734.934	0.201735
37.4703	91.2894	2.74244	704.178	0.00107549	2.74243	704.177	0.00107549	3.03114	734.714	0.20164
37.4705	92.4762	2.74071	703.997	0.00107501	2.74072	703.998	0.00107502	3.02875	734.469	0.201531
37.4706	93.0839	2.73976	703.896	0.00107475	2.73975	703.895	0.00107475	3.02747	734.339	0.201472
37.4708	94.3182	2.73768	703.674	0.00107418	2.73766	703.672	0.00107417	3.02481	734.069	0.201348
37.471	95.5229	2.73552	703.442	0.00107359	2.73552	703.443	0.00107359	3.02213	733.798	0.201224
37.4711	96.1152	2.73444	703.325	0.00107329	2.73442	703.323	0.00107329	3.02077	733.66	0.201161
37.4713	97.2904	2.73217	703.078	0.00107267	2.73217	703.079	0.00107267	3.01809	733.387	0.201037
37.4715	98.448	2.72988	702.829	0.00107205	2.72985	702.826	0.00107204	3.01551	733.123	0.200918
37.4716	99.0192	2.72873	702.703	0.00107173	2.72873	702.703	0.00107173	3.01427	732.996	0.200861
37.4718	100.153	2.7265	702.458	0.00107113	2.72651	702.459	0.00107113	3.01188	732.749	0.200751
37.472	101.285	2.72433	702.219	0.00107054	2.72434	702.22	0.00107054	3.00956	732.506	0.200644
37.4722	102.419	2.72219	701.982	0.00106995	2.72218	701.982	0.00106995	3.00726	732.264	0.20054
37.4724	103.569	2.72002	701.742	0.00106937	2.72003	701.743	0.00106937	3.00507	732.029	0.20044
37.4725	104.152	2.71895	701.624	0.00106908	2.71896	701.624	0.00106908	3.00405	731.918	0.200394
37.4727	105.336	2.7169	701.396	0.00106852	2.7169	701.396	0.00106852	3.00229	731.72	0.200317
37.473	106.555	2.71505	701.188	0.00106802	2.71507	701.19	0.00106803	3.00091	731.557	0.200257
37.4731	107.174	2.71425	701.096	0.0010678	2.71425	701.096	0.0010678	3.00039	731.489	0.200236
37.4733	108.396	2.71287	700.937	0.00106744	2.71289	700.938	0.00106744	2.99969	731.383	0.20021
37.4735	109.587	2.71186	700.814	0.00106718	2.71187	700.815	0.00106718	2.99947	731.319	0.200208
37.4736	110.171	2.7115	700.767	0.00106708	2.71151	700.768	0.00106709	2.99955	731.301	0.200217
37.4738	111.324	2.71107	700.704	0.00106699	2.71108	700.705	0.00106699	3.00001	731.287	0.200251
37.474	112.463	2.71092	700.667	0.00106697	2.71099	700.675	0.00106698	3.00084	731.297	0.200304
37.4741	113.029	2.71103	700.668	0.00106701	2.7111	700.676	0.00106703	3.00135	731.308	0.200336
37.4743	114.153	2.71152	700.698	0.00106717	2.71155	700.701	0.00106718	3.00257	731.342	0.200411
37.4745	115.291	2.71225	700.75	0.0010674	2.71227	700.752	0.0010674	3.00411	731.394	0.200503
37.4747	116.444	2.71322	700.826	0.0010677	2.71326	700.83	0.00106771	3.006	731.466	0.200615
37.4748	117.027	2.71381	700.874	0.00106788	2.71387	700.88	0.00106789	3.00708	731.509	0.200678
37.475	118.209	2.71532	701	0.00106833	2.7154	701.008	0.00106835	3.00945	731.597	0.200819
37.4752	119.441	2.7172	701.159	0.0010689	2.71728	701.167	0.00106892	3.01209	731.688	0.200977
37.4753	120.056	2.7182	701.243	0.0010692	2.71828	701.251	0.00106922	3.01347	731.735	0.201059
37.4755	121.261	2.72027	701.413	0.00106983	2.72036	701.421	0.00106985	3.01621	731.829	0.201223
37.4757	122.438	2.72244	701.586	0.00107049	2.72254	701.595	0.00107052	3.0189	731.919	0.201385
37.4758	123.019	2.72354	701.672	0.00107083	2.72365	701.682	0.00107086	3.0202	731.96	0.201463
37.476	124.168	2.72572	701.837	0.0010715	2.72586	701.85	0.00107155	3.0227	732.03	0.201616
37.4762	125.298	2.72784	701.987	0.00107217	2.72787	701.987	0.00107218	3.02507	732.089	0.201762
37.4764	126.422	2.72993	702.125	0.00107284	2.72998	702.127	0.00107286	3.02741	732.145	0.201907
37.4766	127.56	2.73205	702.256	0.00107353	2.73212	702.26	0.00107355	3.02986	732.2	0.202059
37.4767	128.134	2.73314	702.32	0.00107389	2.73322	702.325	0.00107391	3.03108	732.222	0.202137
37.4769	129.286	2.73531	702.44	0.00107461	2.73542	702.448	0.00107464	3.03357	732.253	0.202296
37.4771	130.46	2.73753	702.555	0.00107535	2.73759	702.557	0.00107538	3.03612	732.272	0.202463
37.4773	131.062	2.73871	702.615	0.00107575	2.73877	702.617	0.00107577	3.03743	732.277	0.202549
37.4775	132.28	2.74109	702.729	0.00107656	2.74109	702.724	0.00107657	3.04012	732.286	0.202726
37.4777	133.486	2.7434	702.828	0.00107736	2.74345	702.83	0.00107738	3.04292	732.304	0.20291
37.4778	134.082	2.74462	702.884	0.00107778	2.74461	702.878	0.00107778	3.04435	732.317	0.203003
37.478	135.263	2.74699	702.981	0.0010786	2.74696	702.974	0.00107859	3.04727	732.354	0.20319
37.4782	136.414	2.74941	703.079	0.00107944	2.74951	703.086	0.00107947	3.05026	732.406	0.203378
37.4784	137.545	2.75198	703.185	0.00108033	2.75194	703.178	0.00108032	3.05341	732.476	0.203574
37.4785	138.109	2.75317	703.225	0.00108075	2.75333	703.239	0.0010808	3.05509	732.52	0.203678
37.4787	139.245	2.75595	703.339	0.00108172	2.75602	703.342	0.00108174	3.05871	732.623	0.203898
37.4789	140.389	2.75901	703.47	0.00108277	2.75901	703.466	0.00108278	3.0626	732.74	0.204133
37.4791	141.54	2.76235	703.621	0.00108392	2.76233	703.617	0.00108392	3.06667	732.872	0.204378
37.4792	142.12	2.76405	703.696	0.0010845	2.76407	703.695	0.00108451	3.06881	732.946	0.204505
37.4794	143.298	2.76761	703.855	0.00108572	2.76765	703.856	0.00108574	3.07333	733.105	0.204774
37.4796	144.494	2.77147	704.036	0.00108704	2.77148	704.034	0.00108704	3.07817	733.278	0.205061
37.4797	145.103	2.77355	704.137	0.00108774	2.77355	704.135	0.00108774	3.08072	733.367	0.205213
37.4799	146.312	2.77781	704.35	0.00108917	2.77782	704.348	0.00108918	3.08593	733.547	0.205524
37.4801	147.503	2.78217	704.569	0.00109064	2.78218	704.568	0.00109064	3.09141	733.745	0.205848
37.4802	148.085	2.78439	704.683	0.00109138	2.7844	704.682	0.00109139	3.0942	733.85	0.206012
37.4804	149.233	2.78895	704.923	0.0010929	2.78896	704.922	0.00109291	3.09995	734.078	0.206349
37.4806	150.373	2.79377	705.184	0.0010945	2.79378	705.184	0.0010945	3.10588	734.324	0.206692
37.4808	151.513	2.79879	705.46	0.00109615	2.7988	705.46	0.00109616	3.11194	734.581	0.207043
37.4809	152.082	2.80136	705.601	0.001097	2.80136	705.6	0.001097	3.115	734.71	0.20722
37.4811	153.225	2.80659	705.886	0.00109873	2.8066	705.885	0.00109873	3.12116	734.975	0.207575
37.4813	154.373	2.81194	706.172	0.0011005	2.81195	706.172	0.00110051	3.12743	735.277	0.20793
37.4815	155.529	2.81748	706.468	0.00110234	2.81746	706.465	0.00110234	3.13391	735.694	0.208275
37.4816	156.114	2.82032	706.618	0.00110328	2.82032	706.618	0.00110328	3.13724	735.98	0.208437
37.4818	157.307	2.82627	706.937	0.00110525	2.82628	706.936	0.00110525	3.14408	736.801	0.208721
37.4821	158.536	2.83253	707.27	0.00110732	2.83251	707.266	0.00110731	3.15137	738.1	0.208937
37.4822	159.144	2.83566	707.436	0.00110836	2.83565	707.434	0.00110835	3.15518	738.913	0.209021
37.4824	160.331	2.84203	707.784	0.00111045	2.84201	707.782	0.00111045	3.16298	740.65	0.209179
37.4826	161.497	2.84873	708.172	0.00111263	2.84871	708.17	0.00111262	3.17108	742.276	0.209379
37.4827	162.076	2.85222	708.387	0.00111375	2.85221	708.385	0.00111375	3.17508	742.986	0.209496
37.4829	163.228	2.85929	708.852	0.00111598	2.85927	708.85	0.00111597	3.1826	744.238	0.209735
37.4831	164.364	2.86603	709.351	0.00111804	2.86602	709.35	0.00111804	3.1894	745.4	0.209943
37.4833	165.493	2.87252	709.928	0.00111992	2.87253	709.928	0.00111992	3.19596	746.609	0.210125
37.4834	166.058	2.87574	710.26	0.00112079	2.87574	710.26	0.0011208	3.19927	747.233	0.210214
37.4836	167.196	2.88227	711.035	0.00112245	2.88227	711.034	0.00112246	3.20597	748.462	0.210401
37.4838	168.349	2.88887	711.931	0.001124	2.88888	711.93	0.001124	3.21245	749.589	0.210594
37.484	169.526	2.89526	712.881	0.0011254	2.89526	712.88	0.0011254	3.21825	750.584	0.210769
37.4841	170.126	2.89828	713.355	0.00112603	2.89828	713.354	0.00112604	3.22082	751.041	0.210843
37.4843	171.35	2.90389	714.285	0.00112715	2.90389	714.284	0.00112715	3.22558	751.923	0.210973
37.4845	172.559	2.90894	715.185	0.00112808	2.90895	715.185	0.00112809	3.2301	752.769	0.211095
37.4846	173.155	2.91137	715.636	0.00112851	2.91137	715.636	0.00112851	3.23224	753.171	0.211152
37.4848	174.336	2.916	716.535	0.00112928	2.91601	716.536	0.00112928	3.23598	753.896	0.211247
37.485	175.492	2.92	717.375	0.00112987	2.92001	717.376	0.00112987	3.23887	754.495	0.211312
37.4851	176.062	2.9217	717.762	0.00113009	2.92172	717.764	0.00113009	3.24009	754.755	0.211338
37.4853	177.196	2.92466	718.482	0.00113041	2.92467	718.483	0.00113041	3.24249	755.242	0.211395
37.4855	178.323	2.9274	719.172	0.00113068	2.92741	719.172	0.00113069	3.24504	755.706	0.211466
37.4857	179.453	2.9302	719.862	0.00113098	2.93021	719.862	0.00113098	3.24741	756.121	0.211535
37.4858	180.025	2.93155	720.201	0.00113111	2.93155	720.202	0.00113111	3.24829	756.291	0.211557
37.486	181.179	2.93381	720.83	0.00113127	2.93381	720.831	0.00113127	3.24912	756.526	0.211562
37.4862	182.353	2.93515	721.36	0.00113118	2.93516	721.36	0.00113118	3.24883	756.635	0.211522
37.4864	183.564	2.93567	721.801	0.00113088	2.93566	721.801	0.00113088	3.24828	756.696	0.211473
37.4866	184.181	2.93578	722.004	0.00113069	2.93577	722.004	0.00113069	3.24809	756.725	0.211455
37.4868	185.395	2.93598	722.386	0.00113033	2.93597	722.386	0.00113033	3.24748	756.739	0.211412
37.487	186.576	2.9359	722.707	0.00112994	2.9359	722.708	0.00112994	3.24592	756.642	0.211331
37.4871	187.155	2.93558	722.828	0.00112968	2.93558	722.828	0.00112968	3.24485	756.558	0.211278
37.4873	188.302	2.93428	722.981	0.00112901	2.9343	722.983	0.00112901	3.24275	756.379	0.211178
37.4875	189.436	2.93271	723.08	0.00112829	2.93276	723.085	0.0011283	3.24117	756.229	0.211106
37.4877	190.559	2.93147	723.187	0.00112769	2.9315	723.19	0.0011277	3.23985	756.092	0.211048
37.4878	191.122	2.93093	723.241	0.00112742	2.93095	723.243	0.00112743	3.23908	756.01	0.211015
37.488	192.257	2.92967	723.313	0.00112686	2.9297	723.317	0.00112686	3.23663	755.757	0.210907
37.4882	193.405	2.92762	723.284	0.0011261	2.92771	723.293	0.00112612	3.2328	755.376	0.210735
37.4884	194.567	2.92462	723.139	0.00112511	2.92474	723.151	0.00112514	3.22818	754.923	0.210527
37.4885	195.16	2.92286	723.034	0.00112455	2.92299	723.047	0.00112458	3.22579	754.691	0.210419
37.4887	196.379	2.91913	722.794	0.00112339	2.91924	722.805	0.00112342	3.22083	754.213	0.210193
37.4889	197.592	2.91525	722.519	0.0011222	2.91534	722.529	0.00112223	3.21517	753.679	0.209933
37.489	198.188	2.9131	722.353	0.00112156	2.91321	722.364	0.00112159	3.21197	753.38	0.209785
37.4892	199.361	2.90816	721.94	0.00112013	2.9083	721.955	0.00112016	3.20525	752.758	0.209472
37.4894	200.515	2.90264	721.452	0.00111855	2.90282	721.471	0.0011186	3.19916	752.2	0.209189
37.4895	201.084	2.89999	721.213	0.00111779	2.90014	721.229	0.00111783	3.19649	751.955	0.209064
37.4897	202.209	2.89519	720.779	0.00111643	2.89518	720.778	0.00111643	3.19159	751.506	0.208835
37.4899	203.334	2.89073	720.367	0.00111517	2.89062	720.357	0.00111514	3.18663	751.049	0.208603
37.4901	204.472	2.88599	719.916	0.00111385	2.88588	719.907	0.00111382	3.1808	750.512	0.208331
37.4902	205.044	2.8834	719.666	0.00111313	2.8833	719.657	0.0011131	3.17761	750.219	0.208182
37.4904	206.192	2.87788	719.126	0.00111161	2.87773	719.113	0.00111156	3.17124	749.631	0.207884
37.4906	207.361	2.87224	718.573	0.00111005	2.87205	718.555	0.00110999	3.1652	749.073	0.207601
37.4908	208.555	2.86679	718.04	0.00110854	2.86663	718.025	0.00110849	3.15929	748.527	0.207324
37.4909	209.161	2.86409	717.776	0.00110779	2.86396	717.764	0.00110775	3.15618	748.239	0.207178
37.4911	210.362	2.85855	717.234	0.00110625	2.85848	717.226	0.00110623	3.14982	747.651	0.20688
37.4913	211.547	2.8528	716.667	0.00110466	2.85278	716.665	0.00110465	3.14386	747.098	0.2066
37.4914	212.131	2.85006	716.396	0.0011039	2.84996	716.386	0.00110387	3.14128	746.859	0.20648
37.4916	213.278	2.84499	715.896	0.00110249	2.84499	715.895	0.00110249	3.13705	746.461	0.206282
37.4918	214.407	2.84078	715.481	0.00110132	2.84081	715.483	0.00110133	3.13363	746.131	0.206124
37.492	215.54	2.83706	715.113	0.00110029	2.83712	715.119	0.00110031	3.13025	745.79	0.20597
37.4921	216.11	2.83524	714.932	0.00109978	2.83532	714.94	0.00109981	3.12847	745.606	0.20589
37.4923	217.253	2.83157	714.565	0.00109877	2.83167	714.575	0.0010988	3.12494	745.226	0.205734
37.4925	218.402	2.82802	714.209	0.00109779	2.82811	714.219	0.00109781	3.12185	744.868	0.205604
37.4927	219.563	2.82492	713.9	0.00109693	2.825	713.908	0.00109695	3.11935	744.54	0.205506
37.4928	220.148	2.82356	713.766	0.00109655	2.82363	713.772	0.00109657	3.11829	744.385	0.205467
37.4931	221.333	2.82114	713.526	0.00109587	2.82113	713.525	0.00109587	3.11619	744.062	0.205393
37.4933	222.546	2.81874	713.287	0.00109521	2.81874	713.287	0.00109521	3.11424	743.73	0.205332
37.4934	223.152	2.81759	713.17	0.00109489	2.8176	713.172	0.00109489	3.1134	743.572	0.205308
37.4936	224.345	2.81561	712.963	0.00109435	2.81563	712.967	0.00109436	3.11211	743.298	0.205279
37.4938	225.505	2.81414	712.802	0.00109396	2.81414	712.803	0.00109396	3.11138	743.118	0.205267
37.4939	226.078	2.81358	712.735	0.00109382	2.81357	712.735	0.00109381	3.11108	743.065	0.205258
37.4941	227.221	2.81261	712.609	0.00109358	2.8126	712.609	0.00109357	3.11021	743.009	0.205211
37.4943	228.363	2.81158	712.465	0.00109334	2.81158	712.465	0.00109334	3.10869	742.97	0.205119
37.4945	229.502	2.81024	712.276	0.00109303	2.81024	712.275	0.00109303	3.10682	742.903	0.20501
37.4946	230.07	2.80949	712.169	0.00109285	2.80949	712.168	0.00109285	3.10583	742.849	0.204955
37.4948	231.21	2.80794	711.944	0.0010925	2.80793	711.943	0.0010925	3.10374	742.693	0.204848
37.495	232.36	2.80634	711.711	0.00109213	2.80631	711.708	0.00109213	3.10128	742.471	0.204731
37.4952	233.53	2.8044	711.448	0.00109167	2.80438	711.446	0.00109167	3.09841	742.2	0.204596
37.4953	234.127	2.80324	711.301	0.00109138	2.80327	711.304	0.00109139	3.09683	742.053	0.204522
37.4955	235.351	2.80068	710.999	0.00109072	2.80068	710.999	0.00109072	3.09354	741.739	0.204368
37.4957	236.561	2.79802	710.711	0.00109	2.79805	710.714	0.00109001	3.0904	741.424	0.204223
37.4958	237.154	2.79675	710.579	0.00108965	2.79674	710.578	0.00108965	3.08888	741.266	0.204155
37.496	238.327	2.79415	710.317	0.00108893	2.79419	710.321	0.00108894	3.08586	740.948	0.204019
37.4962	239.489	2.79149	710.05	0.00108819	2.79153	710.054	0.0010882	3.08264	740.61	0.203874
37.4963	240.064	2.79012	709.91	0.00108781	2.79016	709.915	0.00108782	3.08101	740.441	0.2038
37.4965	241.201	2.7873	709.623	0.00108703	2.78732	709.625	0.00108704	3.07781	740.112	0.203654
37.4967	242.331	2.78452	709.337	0.00108626	2.7845	709.336	0.00108625	3.07483	739.808	0.203519
37.4969	243.461	2.78184	709.062	0.00108552	2.78182	709.06	0.00108551	3.07208	739.526	0.203393
37.497	244.029	2.78053	708.926	0.00108516	2.78054	708.928	0.00108516	3.07077	739.392	0.203333
37.4972	245.178	2.778	708.661	0.00108446	2.77799	708.66	0.00108446	3.06821	739.134	0.203215
37.4974	246.348	2.77549	708.394	0.00108378	2.77547	708.391	0.00108377	3.06581	738.896	0.203104
37.4976	247.548	2.77308	708.132	0.00108313	2.77305	708.13	0.00108312	3.06366	738.689	0.203003
37.4978	248.166	2.77193	708.006	0.00108282	2.7719	708.003	0.00108281	3.0627	738.598	0.202958
37.498	249.387	2.7699	707.781	0.00108227	2.76988	707.779	0.00108227	3.06092	738.431	0.202874
37.4982	250.589	2.76808	707.577	0.00108179	2.76808	707.577	0.00108179	3.0591	738.261	0.202787
37.4983	251.178	2.76721	707.479	0.00108155	2.76718	707.476	0.00108155	3.0582	738.175	0.202744
37.4985	252.337	2.76545	707.282	0.00108108	2.76545	707.282	0.00108108	3.05656	738.018	0.202667
37.4987	253.477	2.76384	707.102	0.00108065	2.76386	707.104	0.00108066	3.05526	737.887	0.202608
37.4988	254.043	2.76315	707.025	0.00108047	2.76317	707.027	0.00108047	3.05472	737.828	0.202583
37.499	255.167	2.76195	706.891	0.00108015	2.76197	706.893	0.00108015	3.05379	737.718	0.202544
37.4992	256.296	2.76091	706.776	0.00107987	2.76092	706.777	0.00107987	3.05292	737.605	0.202509
37.4994	257.439	2.7599	706.666	0.00107959	2.75991	706.666	0.00107959	3.0521	737.489	0.202477
37.4995	258.015	2.75941	706.613	0.00107946	2.75943	706.614	0.00107947	3.05171	737.431	0.202463
37.4997	259.185	2.75853	706.517	0.00107922	2.75855	706.519	0.00107923	3.05104	737.317	0.202442
37.4999	260.399	2.75778	706.435	0.00107902	2.75778	706.435	0.00107902	3.05031	737.193	0.202418
37.5	261.02	2.75742	706.395	0.00107892	2.75742	706.395	0.00107892	3.04984	737.123	0.202401
37.5002	262.241	2.75662	706.306	0.0010787	2.75661	706.305	0.0010787	3.04863	736.967	0.202352
37.5004	263.428	2.75563	706.195	0.00107844	2.75562	706.194	0.00107844	3.04732	736.806	0.202297
37.5005	264.011	2.75511	706.135	0.0010783	2.75509	706.134	0.0010783	3.04667	736.727	0.20227
37.5007	265.162	2.75406	706.015	0.00107802	2.75405	706.014	0.00107802	3.04547	736.573	0.202221
37.5009	266.294	2.75306	705.896	0.00107776	2.75307	705.897	0.00107777	3.04424	736.419	0.20217
37.5011	267.415	2.75203	705.77	0.0010775	2.75204	705.771	0.0010775	3.04291	736.257	0.202114
37.5013	268.546	2.75087	705.627	0.0010772	2.75087	705.627	0.0010772	3.04136	736.081	0.202046
37.5014	269.116	2.75022	705.548	0.00107704	2.75023	705.549	0.00107704	3.04053	735.988	0.20201
37.5016	270.263	2.74885	705.38	0.00107668	2.74886	705.381	0.00107669	3.0388	735.798	0.201933
37.5018	271.428	2.7474	705.203	0.00107631	2.7474	705.203	0.00107631	3.03688	735.593	0.201846
37.5019	272.024	2.7466	705.106	0.0010761	2.74662	705.108	0.00107611	3.03578	735.481	0.201795
37.5021	273.235	2.74485	704.895	0.00107565	2.74486	704.897	0.00107565	3.03331	735.24	0.20168
37.5024	274.455	2.74282	704.655	0.00107512	2.74282	704.655	0.00107512	3.03054	734.975	0.201548
37.5025	275.056	2.74171	704.525	0.00107482	2.74174	704.528	0.00107483	3.02918	734.846	0.201484
37.5027	276.243	2.73949	704.267	0.00107424	2.73949	704.266	0.00107424	3.02653	734.592	0.201359
37.5029	277.403	2.7373	704.012	0.00107366	2.73732	704.015	0.00107367	3.02402	734.35	0.20124
37.5031	278.536	2.73516	703.767	0.00107309	2.73518	703.768	0.00107309	3.0215	734.106	0.201121
37.5032	279.099	2.73409	703.644	0.0010728	2.73408	703.642	0.0010728	3.02021	733.981	0.20106
37.5034	280.228	2.73183	703.387	0.0010722	2.73182	703.385	0.0010722	3.01757	733.725	0.200935
37.5036	281.368	2.72947	703.121	0.00107156	2.72947	703.122	0.00107157	3.01501	733.475	0.200815
37.5038	282.514	2.72716	702.865	0.00107094	2.72715	702.864	0.00107094	3.01263	733.239	0.200703
37.5039	283.092	2.72605	702.742	0.00107064	2.72604	702.741	0.00107064	3.01146	733.122	0.200648
37.5041	284.261	2.72385	702.5	0.00107004	2.72385	702.5	0.00107004	3.0091	732.884	0.200538
37.5043	285.445	2.72165	702.259	0.00106944	2.72161	702.255	0.00106943	3.00686	732.656	0.200435
37.5044	286.048	2.72052	702.135	0.00106913	2.72051	702.135	0.00106913	3.00586	732.553	0.200389
37.5046	287.263	2.71845	701.91	0.00106856	2.71843	701.907	0.00106856	3.00427	732.383	0.200316
37.5048	288.461	2.71678	701.727	0.00106811	2.71677	701.726	0.00106811	3.00318	732.259	0.200269
37.5049	289.049	2.71611	701.653	0.00106793	2.71609	701.651	0.00106792	3.00277	732.208	0.200251
37.5051	290.203	2.71496	701.525	0.00106762	2.71495	701.523	0.00106761	3.00215	732.123	0.200227
37.5053	291.34	2.71403	701.418	0.00106737	2.71403	701.417	0.00106737	3.00172	732.05	0.200213
37.5055	292.477	2.7133	701.332	0.00106718	2.71331	701.332	0.00106718	3.00164	731.998	0.200218
37.5056	293.045	2.71306	701.3	0.00106711	2.71306	701.3	0.00106711	3.00174	731.979	0.200228
37.5058	294.184	2.7128	701.263	0.00106705	2.7128	701.262	0.00106705	3.00218	731.95	0.200264
37.506	295.323	2.71277	701.248	0.00106706	2.7128	701.251	0.00106706	3.00292	731.926	0.200317
37.5062	296.47	2.71308	701.27	0.00106716	2.71312	701.274	0.00106717	3.00393	731.903	0.20039
37.5063	297.048	2.71335	701.291	0.00106724	2.71337	701.293	0.00106724	3.00461	731.897	0.200436
37.5065	298.225	2.7141	701.354	0.00106746	2.71413	701.357	0.00106747	3.0064	731.902	0.200555
37.5067	299.443	2.7153	701.459	0.00106782	2.71531	701.46	0.00106782	3.00877	731.936	0.200706
37.5068	300.059	2.71604	701.524	0.00106804	2.71602	701.522	0.00106804	3.01012	731.964	0.20079
37.507	301.259	2.71788	701.687	0.00106859	2.71787	701.686	0.00106858	3.01284	732.024	0.20096
37.5073	302.431	2.71987	701.855	0.00106918	2.71982	701.851	0.00106917	3.01558	732.082	0.201131
37.5074	303.012	2.72086	701.935	0.00106948	2.72082	701.932	0.00106947	3.01701	732.113	0.20122
37.5076	304.167	2.72301	702.103	0.00107015	2.72298	702.1	0.00107014	3.02008	732.19	0.201409
37.5078	305.307	2.72542	702.285	0.00107089	2.72545	702.288	0.0010709	3.0233	732.283	0.201605
37.508	306.437	2.72807	702.478	0.00107172	2.72804	702.475	0.00107171	3.02655	732.384	0.201802
37.5081	307.002	2.72937	702.567	0.00107213	2.72939	702.569	0.00107214	3.02817	732.435	0.2019
37.5083	308.135	2.7321	702.748	0.00107301	2.73206	702.743	0.001073	3.03146	732.542	0.202097
37.5085	309.277	2.73489	702.92	0.00107391	2.7348	702.911	0.00107389	3.03495	732.675	0.202303
37.5087	310.438	2.73797	703.109	0.00107492	2.73793	703.105	0.0010749	3.03859	732.835	0.202514
37.5088	311.029	2.73958	703.205	0.00107544	2.73958	703.205	0.00107544	3.0404	732.922	0.202617
37.509	312.237	2.74287	703.39	0.00107653	2.74286	703.39	0.00107653	3.04392	733.103	0.202815
37.5092	313.462	2.74597	703.544	0.00107758	2.74591	703.537	0.00107756	3.04716	733.283	0.202994
37.5093	314.064	2.74746	703.612	0.00107809	2.7474	703.606	0.00107807	3.0487	733.379	0.203078
37.5095	315.255	2.75037	703.74	0.00107909	2.75034	703.738	0.00107908	3.05175	733.593	0.203238
37.5097	316.424	2.75319	703.858	0.00108006	2.75318	703.858	0.00108006	3.05476	733.84	0.203388
37.5099	317.571	2.75591	703.968	0.00108101	2.75589	703.966	0.001081	3.05773	734.12	0.203529
37.51	318.138	2.75725	704.022	0.00108147	2.75722	704.02	0.00108146	3.05919	734.273	0.203596
37.5102	319.267	2.75989	704.13	0.00108239	2.75987	704.128	0.00108238	3.06221	734.622	0.203726
37.5104	320.391	2.76258	704.25	0.00108331	2.76256	704.248	0.0010833	3.06549	735.048	0.203858
37.5106	321.528	2.76546	704.396	0.00108428	2.76543	704.393	0.00108427	3.06918	735.58	0.203996
37.5107	322.103	2.76701	704.483	0.00108479	2.76698	704.481	0.00108478	3.07119	735.891	0.204066
37.5109	323.264	2.77036	704.693	0.00108587	2.77032	704.69	0.00108586	3.07537	736.596	0.204202
37.5111	324.453	2.77398	704.945	0.00108701	2.77398	704.945	0.00108701	3.07994	737.434	0.204335
37.5112	325.067	2.77595	705.092	0.00108762	2.77594	705.092	0.00108761	3.08249	737.924	0.204405
37.5114	326.3	2.78017	705.436	0.00108889	2.78016	705.435	0.00108888	3.08822	739.053	0.204557
37.5116	327.501	2.7849	705.865	0.00109026	2.78488	705.864	0.00109026	3.09459	740.32	0.204723
37.5117	328.091	2.78745	706.113	0.00109099	2.78744	706.112	0.00109098	3.09785	740.971	0.204807
37.5119	329.252	2.79282	706.664	0.00109247	2.79281	706.663	0.00109247	3.10469	742.303	0.20499
37.5121	330.396	2.79846	707.284	0.00109399	2.79846	707.284	0.00109398	3.11179	743.613	0.205194
37.5123	331.524	2.80443	707.986	0.00109553	2.80442	707.986	0.00109553	3.1193	744.891	0.205431
37.5124	332.085	2.80757	708.373	0.00109633	2.80757	708.373	0.00109633	3.12318	745.509	0.205562
37.5126	333.213	2.81423	709.228	0.00109797	2.81424	709.228	0.00109798	3.13111	746.698	0.205844
37.5128	334.353	2.82122	710.179	0.00109964	2.82123	710.179	0.00109964	3.13891	747.793	0.206135
37.513	335.503	2.82825	711.195	0.00110124	2.82826	711.196	0.00110124	3.14642	748.804	0.206423
37.5131	336.087	2.83177	711.726	0.00110201	2.83177	711.726	0.00110202	3.15015	749.3	0.206568
37.5134	337.289	2.83892	712.845	0.00110354	2.83892	712.845	0.00110354	3.15776	750.316	0.206861
37.5136	338.511	2.84618	714.013	0.00110506	2.84618	714.012	0.00110506	3.16548	751.383	0.207151
37.5137	339.114	2.84976	714.595	0.0011058	2.84977	714.595	0.0011058	3.1692	751.919	0.207286
37.5139	340.303	2.8567	715.731	0.00110722	2.8567	715.73	0.00110722	3.17621	752.978	0.207531
37.5141	341.474	2.86321	716.804	0.00110853	2.86321	716.804	0.00110853	3.18273	754.006	0.207749
37.5142	342.049	2.86627	717.311	0.00110915	2.86628	717.312	0.00110915	3.18593	754.509	0.207855
37.5144	343.181	2.87223	718.288	0.00111036	2.87224	718.289	0.00111036	3.19233	755.486	0.208075
37.5146	344.303	2.87819	719.247	0.00111159	2.8782	719.248	0.00111159	3.19885	756.418	0.208311
37.5148	345.435	2.88426	720.211	0.00111285	2.88425	720.21	0.00111285	3.2052	757.265	0.208554
37.5149	346.004	2.88726	720.689	0.00111347	2.88725	720.688	0.00111347	3.2082	757.644	0.208672
37.5151	347.146	2.893	721.619	0.00111465	2.89299	721.618	0.00111464	3.21371	758.311	0.208895
37.5153	348.301	2.89836	722.517	0.0011157	2.89834	722.516	0.0011157	3.21893	758.913	0.209112
37.5155	349.484	2.90356	723.411	0.0011167	2.90355	723.409	0.0011167	3.22429	759.525	0.209337
37.5156	350.081	2.90617	723.861	0.0011172	2.90616	723.859	0.0011172	3.22695	759.832	0.209447
37.5158	351.291	2.91138	724.757	0.0011182	2.91137	724.756	0.0011182	3.23174	760.415	0.20964
37.516	352.491	2.916	725.572	0.00111906	2.91599	725.571	0.00111906	3.23559	760.928	0.209785
37.5161	353.085	2.91801	725.938	0.00111942	2.91801	725.938	0.00111942	3.2373	761.169	0.209847
37.5163	354.25	2.92155	726.592	0.00112005	2.92156	726.593	0.00112005	3.24092	761.667	0.209981
37.5165	355.389	2.92496	727.201	0.00112067	2.92498	727.203	0.00112068	3.24475	762.166	0.210127
37.5167	356.521	2.92855	727.801	0.00112137	2.92856	727.802	0.00112138	3.24841	762.622	0.210272
37.5168	357.088	2.9303	728.089	0.00112172	2.93031	728.09	0.00112173	3.24999	762.814	0.210335
37.517	358.223	2.93347	728.618	0.00112234	2.93347	728.618	0.00112234	3.25256	763.119	0.210439
37.5172	359.362	2.93605	729.074	0.00112282	2.93606	729.075	0.00112282	3.25451	763.338	0.210521
37.5174	360.512	2.93826	729.488	0.0011232	2.93827	729.489	0.0011232	3.2564	763.527	0.210605
37.5175	361.09	2.93932	729.688	0.00112338	2.93933	729.689	0.00112338	3.25734	763.616	0.210648
37.5177	362.259	2.94144	730.085	0.00112375	2.94145	730.086	0.00112375	3.25876	763.743	0.210714
37.5179	363.46	2.94316	730.437	0.00112401	2.94316	730.438	0.00112401	3.2589	763.752	0.210721
37.518	364.07	2.94365	730.573	0.00112404	2.94365	730.573	0.00112404	3.25851	763.714	0.210703
37.5183	365.28	2.94383	730.75	0.00112392	2.94383	730.749	0.00112391	3.25744	763.613	0.210654
37.5185	366.455	2.94354	730.858	0.00112368	2.94354	730.858	0.00112368	3.25672	763.546	0.210622
37.5186	367.033	2.94343	730.909	0.00112358	2.94343	730.909	0.00112358	3.25641	763.516	0.210608
37.5188	368.18	2.94327	731.002	0.00112342	2.94328	731.003	0.00112342	3.25545	763.427	0.210564
37.519	369.323	2.9427	731.038	0.00112316	2.94273	731.041	0.00112317	3.25336	763.236	0.210468
37.5192	370.462	2.94124	730.966	0.00112268	2.9413	730.972	0.0011227	3.25033	762.959	0.210328
37.5193	371.029	2.94021	730.895	0.00112237	2.94029	730.903	0.00112239	3.24868	762.808	0.210251
37.5195	372.163	2.93789	730.72	0.00112168	2.93798	730.729	0.0011217	3.24544	762.513	0.210102
37.5197	373.303	2.93552	730.533	0.00112098	2.93561	730.542	0.00112101	3.24201	762.199	0.209943
37.5199	374.458	2.93288	730.314	0.00112022	2.93297	730.322	0.00112024	3.23747	761.782	0.209733
37.52	375.046	2.93128	730.174	0.00111976	2.93128	730.174	0.00111977	3.23458	761.517	0.2096
37.5202	376.246	2.92698	729.779	0.00111856	2.927	729.781	0.00111857	3.22794	760.909	0.209293
37.5204	377.47	2.9217	729.282	0.0011171	2.92162	729.274	0.00111708	3.22102	760.274	0.208973
37.5205	378.072	2.91895	729.021	0.00111634	2.91897	729.023	0.00111634	3.21771	759.97	0.208819
37.5207	379.256	2.91372	728.524	0.00111489	2.91365	728.518	0.00111487	3.21099	759.354	0.208508
37.5209	380.428	2.90822	727.997	0.00111337	2.90814	727.989	0.00111335	3.20354	758.669	0.208162
37.521	381.007	2.90523	727.707	0.00111255	2.90513	727.697	0.00111252	3.19948	758.295	0.207973
37.5212	382.15	2.89869	727.066	0.00111075	2.89858	727.056	0.00111073	3.19118	757.53	0.207588
37.5214	383.281	2.89174	726.382	0.00110885	2.89168	726.376	0.00110884	3.1834	756.811	0.207226
37.5216	384.409	2.88501	725.718	0.00110701	2.88501	725.718	0.00110701	3.17632	756.157	0.206897
37.5218	385.541	2.87865	725.089	0.00110526	2.8787	725.094	0.00110527	3.16942	755.518	0.206576
37.5219	386.112	2.87548	724.776	0.00110439	2.87552	724.779	0.0011044	3.16582	755.183	0.206408
37.5221	387.269	2.86885	724.115	0.00110258	2.86891	724.12	0.00110259	3.15838	754.491	0.206062
37.5223	388.449	2.86186	723.415	0.00110066	2.86193	723.422	0.00110068	3.15123	753.825	0.205728
37.5224	389.051	2.85838	723.065	0.00109971	2.85848	723.074	0.00109974	3.14794	753.518	0.205575
37.5226	390.281	2.85187	722.412	0.00109792	2.85196	722.421	0.00109795	3.14202	752.966	0.205299
37.5228	391.493	2.84625	721.848	0.00109638	2.84625	721.848	0.00109638	3.13668	752.466	0.20505
37.5229	392.088	2.84359	721.581	0.00109565	2.84362	721.584	0.00109566	3.13409	752.224	0.204929
37.5232	393.255	2.83847	721.065	0.00109425	2.83847	721.065	0.00109425	3.12924	751.771	0.204702
37.5234	394.402	2.83363	720.576	0.00109292	2.83369	720.582	0.00109293	3.12541	751.413	0.204523
37.5236	395.536	2.82961	720.171	0.00109181	2.82964	720.175	0.00109182	3.12284	751.173	0.204403
37.5237	396.099	2.828	720.01	0.00109137	2.82799	720.009	0.00109137	3.12195	751.09	0.204361
37.5238	397.222	2.82537	719.748	0.00109064	2.82535	719.745	0.00109064	3.12046	750.948	0.204292
37.524	398.358	2.82316	719.526	0.00109003	2.82318	719.529	0.00109003	3.11896	750.8	0.204223
37.5242	399.508	2.82108	719.319	0.00108946	2.8211	719.321	0.00108946	3.11747	750.651	0.204156
37.5244	400.088	2.82013	719.223	0.00108919	2.82012	719.223	0.00108919	3.11681	750.582	0.204126
37.5246	401.273	2.81845	719.057	0.00108873	2.81844	719.056	0.00108872	3.11568	750.457	0.204077
37.5248	402.506	2.8171	718.928	0.00108835	2.81711	718.929	0.00108835	3.1146	750.333	0.204031
37.5249	403.118	2.81651	718.873	0.00108818	2.81651	718.873	0.00108818	3.11393	750.259	0.204001
37.5251	404.316	2.81527	718.758	0.00108783	2.81528	718.759	0.00108783	3.1122	750.08	0.203924
37.5253	405.488	2.81379	718.618	0.00108741	2.81378	718.616	0.0010874	3.11027	749.881	0.203837
37.5254	406.066	2.81297	718.539	0.00108718	2.81298	718.54	0.00108718	3.10933	749.781	0.203795
37.5256	407.21	2.81141	718.39	0.00108674	2.8114	718.389	0.00108674	3.10765	749.593	0.203723
37.5258	408.336	2.80999	718.254	0.00108634	2.81	718.254	0.00108634	3.10614	749.413	0.203659
37.526	409.46	2.80862	718.121	0.00108596	2.80864	718.122	0.00108596	3.10427	749.196	0.20358
37.5261	410.027	2.80787	718.046	0.00108575	2.80786	718.045	0.00108574	3.10314	749.068	0.203532
37.5263	411.167	2.80604	717.86	0.00108524	2.80606	717.862	0.00108525	3.10046	748.77	0.203415
37.5265	412.316	2.80385	717.634	0.00108464	2.80387	717.636	0.00108465	3.09748	748.44	0.203285
37.5267	413.491	2.80142	717.381	0.00108398	2.80145	717.385	0.00108399	3.09429	748.08	0.203147
37.5268	414.092	2.80012	717.246	0.00108362	2.80017	717.251	0.00108364	3.09257	747.884	0.203074
37.527	415.31	2.79736	716.956	0.00108287	2.7974	716.96	0.00108288	3.0889	747.458	0.202917
37.5272	416.515	2.79434	716.635	0.00108205	2.79434	716.635	0.00108205	3.08517	747.018	0.20276
37.5273	417.11	2.79273	716.463	0.00108162	2.79278	716.467	0.00108163	3.08343	746.807	0.202687
37.5275	418.287	2.78966	716.129	0.00108079	2.78966	716.13	0.0010808	3.0803	746.414	0.20256
37.5277	419.433	2.78685	715.819	0.00108004	2.78689	715.823	0.00108005	3.07776	746.075	0.20246
37.5279	420.561	2.78439	715.54	0.0010794	2.78441	715.542	0.0010794	3.07559	745.77	0.202377
37.528	421.125	2.78325	715.407	0.0010791	2.78324	715.406	0.0010791	3.07455	745.622	0.202338
37.5282	422.262	2.78101	715.14	0.00107852	2.78101	715.14	0.00107852	3.0725	745.327	0.202262
37.5284	423.406	2.77886	714.874	0.00107798	2.77887	714.876	0.00107798	3.07047	745.034	0.202187
37.5286	424.556	2.77683	714.613	0.00107747	2.77682	714.613	0.00107747	3.06853	744.748	0.202116
37.5287	425.137	2.77585	714.484	0.00107723	2.77584	714.484	0.00107723	3.06758	744.607	0.202081
37.5289	426.313	2.77395	714.229	0.00107678	2.77396	714.23	0.00107678	3.06561	744.321	0.202008
37.5292	427.509	2.77207	713.97	0.00107633	2.77205	713.967	0.00107632	3.06362	744.034	0.201934
37.5293	428.118	2.77109	713.833	0.0010761	2.77109	713.833	0.0010761	3.06267	743.894	0.201899
37.5295	429.328	2.76925	713.571	0.00107567	2.76923	713.569	0.00107566	3.06107	743.647	0.201843
37.5297	430.514	2.76767	713.334	0.00107531	2.76765	713.332	0.00107531	3.05993	743.449	0.201807
37.5298	431.094	2.76702	713.23	0.00107517	2.767	713.229	0.00107517	3.05941	743.355	0.201791
37.53	432.239	2.76585	713.034	0.00107493	2.76585	713.033	0.00107493	3.05833	743.165	0.201757
37.5302	433.379	2.76469	712.835	0.0010747	2.7647	712.837	0.0010747	3.05704	742.953	0.201715
37.5304	434.52	2.76343	712.625	0.00107444	2.76345	712.626	0.00107444	3.05568	742.726	0.20167
37.5305	435.09	2.7628	712.519	0.00107431	2.76282	712.52	0.00107431	3.05503	742.611	0.20165
37.5307	436.234	2.76159	712.313	0.00107406	2.76161	712.315	0.00107407	3.05371	742.371	0.20161
37.5309	437.38	2.76043	712.113	0.00107383	2.76045	712.114	0.00107383	3.05233	742.114	0.20157
37.5311	438.537	2.75921	711.906	0.00107358	2.7592	711.905	0.00107358	3.05083	741.837	0.201526
37.5312	439.123	2.75853	711.796	0.00107344	2.75854	711.797	0.00107344	3.05009	741.694	0.201506
37.5314	440.322	2.75715	711.569	0.00107315	2.75714	711.568	0.00107314	3.04875	741.405	0.201475
37.5316	441.555	2.75586	711.348	0.00107288	2.75585	711.349	0.00107288	3.04766	741.119	0.20146
37.5317	442.161	2.75531	711.247	0.00107278	2.7553	711.247	0.00107278	3.04718	740.979	0.201456
37.5319	443.346	2.75431	711.055	0.0010726	2.7543	711.055	0.0010726	3.04601	740.687	0.201436
37.5321	444.51	2.75321	710.848	0.0010724	2.75321	710.849	0.0010724	3.04458	740.381	0.201402
37.5322	445.09	2.75261	710.737	0.00107228	2.75259	710.736	0.00107228	3.04374	740.221	0.201378
37.5324	446.238	2.75125	710.496	0.00107202	2.75126	710.497	0.00107202	3.04204	739.9	0.20133
37.5326	447.373	2.74987	710.248	0.00107175	2.74986	710.247	0.00107175	3.04029	739.578	0.201278
37.5328	448.502	2.74846	709.992	0.00107148	2.74845	709.99	0.00107148	3.03849	739.253	0.201223
37.5329	449.067	2.74771	709.856	0.00107134	2.74771	709.856	0.00107134	3.03755	739.087	0.201194
37.5331	450.206	2.74613	709.571	0.00107103	2.74612	709.569	0.00107103	3.03562	738.751	0.201133
37.5333	451.361	2.74443	709.266	0.0010707	2.7444	709.263	0.00107069	3.03369	738.411	0.201073
37.5335	452.542	2.74268	708.949	0.00107036	2.74266	708.947	0.00107036	3.03182	738.07	0.201017
37.5336	453.144	2.74182	708.79	0.0010702	2.7418	708.787	0.00107019	3.03082	737.894	0.200986
37.5339	454.371	2.74003	708.459	0.00106986	2.74002	708.457	0.00106986	3.02863	737.524	0.200914
37.5341	455.579	2.73812	708.115	0.00106949	2.73812	708.115	0.00106949	3.02609	737.135	0.200822
37.5342	456.176	2.73709	707.935	0.00106928	2.73709	707.935	0.00106928	3.02473	736.936	0.200772
37.5344	457.356	2.73489	707.562	0.00106883	2.73489	707.562	0.00106883	3.022	736.535	0.20067
37.5346	458.51	2.73267	707.191	0.00106837	2.73264	707.186	0.00106836	3.01941	736.15	0.200575
37.5347	459.079	2.73156	707.005	0.00106814	2.73155	707.004	0.00106813	3.01817	735.963	0.20053
37.5349	460.211	2.7294	706.643	0.00106769	2.72939	706.641	0.00106768	3.01574	735.595	0.200441
37.5351	461.335	2.72724	706.281	0.00106724	2.72722	706.278	0.00106723	3.01339	735.238	0.200356
37.5353	462.465	2.72506	705.916	0.00106678	2.72505	705.913	0.00106678	3.01125	734.902	0.200281
37.5354	463.037	2.72398	705.734	0.00106656	2.72399	705.734	0.00106656	3.01031	734.745	0.200249
37.5356	464.194	2.72202	705.389	0.00106616	2.72202	705.389	0.00106616	3.00865	734.452	0.200196
37.5358	465.371	2.72028	705.067	0.00106583	2.72027	705.065	0.00106583	3.00699	734.159	0.200145
37.536	466.589	2.71854	704.74	0.00106551	2.71856	704.741	0.00106551	3.00516	733.846	0.200085
37.5361	467.209	2.71765	704.573	0.00106534	2.71764	704.572	0.00106534	3.00418	733.683	0.200052
37.5363	468.423	2.71584	704.24	0.00106499	2.71587	704.242	0.001065	3.00242	733.377	0.199995
37.5364	469.017	2.71501	704.083	0.00106484	2.71501	704.083	0.00106484	3.0017	733.241	0.199975
37.5366	470.182	2.71355	703.796	0.00106458	2.71356	703.797	0.00106458	3.00062	733.002	0.19995
37.5368	471.33	2.71241	703.546	0.0010644	2.71241	703.546	0.00106441	2.99997	732.805	0.199946
37.537	472.463	2.71153	703.326	0.0010643	2.71153	703.326	0.0010643	2.99966	732.635	0.199959
37.5371	473.023	2.71118	703.226	0.00106427	2.71117	703.226	0.00106427	2.99966	732.561	0.199974
37.5373	474.145	2.71068	703.047	0.00106427	2.71068	703.048	0.00106427	3.00002	732.433	0.200023
37.5375	475.282	2.71055	702.906	0.00106437	2.71056	702.907	0.00106437	3.00086	732.325	0.200101
37.5377	476.432	2.71085	702.808	0.0010646	2.71085	702.808	0.0010646	3.00203	732.224	0.200199
37.5378	477.011	2.71113	702.771	0.00106475	2.71112	702.771	0.00106474	3.00272	732.175	0.200255
37.538	478.194	2.71189	702.717	0.0010651	2.71189	702.716	0.0010651	3.00426	732.079	0.200376
37.5382	479.413	2.7129	702.683	0.00106554	2.71292	702.684	0.00106555	3.00625	732.008	0.200524
37.5383	480.024	2.71344	702.668	0.00106577	2.71355	702.679	0.0010658	3.00747	731.989	0.200609
37.5386	481.224	2.71499	702.688	0.00106635	2.71503	702.692	0.00106637	3.01035	731.992	0.2008
37.5388	482.4	2.71701	702.753	0.00106707	2.71706	702.759	0.00106709	3.01363	732.029	0.201011
37.539	483.554	2.71934	702.845	0.00106789	2.71945	702.857	0.00106792	3.01708	732.084	0.201231
37.5391	484.121	2.72066	702.905	0.00106834	2.72072	702.911	0.00106836	3.01886	732.118	0.201343
37.5393	485.245	2.7232	703.004	0.00106923	2.72334	703.019	0.00106927	3.02259	732.205	0.201574
37.5395	486.371	2.72625	703.147	0.00107027	2.72626	703.148	0.00107028	3.02644	732.308	0.20181
37.5397	487.511	2.7293	703.276	0.00107133	2.72955	703.303	0.0010714	3.03027	732.411	0.202045
37.5398	488.084	2.73109	703.365	0.00107193	2.73108	703.363	0.00107193	3.03211	732.459	0.202158
37.54	489.235	2.73427	703.492	0.00107304	2.73443	703.508	0.00107309	3.03566	732.549	0.202376
37.5402	490.407	2.73754	703.615	0.00107419	2.73757	703.618	0.0010742	3.03923	732.653	0.202593
37.5403	491.001	2.73913	703.668	0.00107476	2.73921	703.675	0.00107478	3.04111	732.72	0.202705
37.5405	492.205	2.74261	703.796	0.00107598	2.74264	703.799	0.00107599	3.04503	732.883	0.202933
37.5407	493.412	2.74622	703.931	0.00107725	2.74625	703.933	0.00107726	3.04897	733.078	0.203156
37.5408	494.01	2.74798	703.992	0.00107787	2.74801	703.995	0.00107788	3.05084	733.18	0.203261
37.541	495.189	2.75133	704.099	0.00107907	2.75138	704.103	0.00107908	3.05434	733.393	0.203451
37.5412	496.337	2.75448	704.187	0.0010802	2.7545	704.189	0.00108021	3.0576	733.626	0.20362
37.5414	497.469	2.7575	704.268	0.0010813	2.75752	704.269	0.00108131	3.06076	733.89	0.203778
37.5415	498.035	2.759	704.308	0.00108184	2.75902	704.309	0.00108185	3.06234	734.037	0.203853
37.5417	499.172	2.76198	704.39	0.00108292	2.762	704.391	0.00108293	3.06545	734.364	0.203994
37.5419	500.315	2.76485	704.467	0.00108396	2.76487	704.469	0.00108397	3.06855	734.743	0.204124
37.5421	501.465	2.76778	704.56	0.001085	2.76778	704.56	0.00108501	3.07187	735.207	0.20425
37.5422	502.043	2.76925	704.612	0.00108552	2.76925	704.611	0.00108552	3.0737	735.485	0.204316
37.5424	503.206	2.77242	704.752	0.00108661	2.77242	704.75	0.00108661	3.07795	736.173	0.204458
37.5426	504.392	2.77603	704.952	0.0010878	2.77603	704.951	0.0010878	3.0829	737.044	0.204611
37.5428	505.611	2.78017	705.226	0.00108912	2.78017	705.225	0.00108912	3.08839	738.094	0.204763
37.5429	506.221	2.78252	705.403	0.00108985	2.78251	705.401	0.00108984	3.09132	738.679	0.204838
37.5431	507.412	2.78724	705.784	0.00109127	2.78724	705.784	0.00109127	3.09737	739.921	0.204988
37.5433	508.574	2.79225	706.233	0.00109273	2.79226	706.234	0.00109273	3.10364	741.218	0.20514
37.5434	509.149	2.79487	706.485	0.00109347	2.79487	706.485	0.00109347	3.10695	741.889	0.205223
37.5436	510.296	2.8004	707.054	0.001095	2.8004	707.054	0.001095	3.11368	743.218	0.205398
37.5438	511.437	2.80624	707.71	0.00109655	2.80623	707.709	0.00109655	3.12066	744.511	0.205597
37.5439	512.005	2.80929	708.074	0.00109734	2.80928	708.072	0.00109733	3.1242	745.131	0.205705
37.5441	513.137	2.81549	708.858	0.00109888	2.81549	708.857	0.00109888	3.13151	746.328	0.205945
37.5443	514.273	2.82196	709.736	0.00110042	2.82197	709.737	0.00110042	3.13917	747.477	0.206216
37.5445	515.42	2.82879	710.718	0.00110198	2.82881	710.72	0.00110199	3.14694	748.573	0.206505
37.5446	516.001	2.83233	711.246	0.00110277	2.83233	711.247	0.00110277	3.15082	749.107	0.206651
37.5449	517.184	2.83953	712.36	0.00110432	2.83952	712.359	0.00110432	3.15855	750.17	0.206943
37.5451	518.405	2.84682	713.536	0.00110584	2.84682	713.535	0.00110584	3.16637	751.27	0.207233
37.5452	519.014	2.85043	714.128	0.00110658	2.85043	714.128	0.00110658	3.17026	751.833	0.207373
37.5454	520.209	2.85751	715.298	0.00110801	2.85751	715.298	0.00110801	3.17792	752.979	0.207642
37.5456	521.386	2.86451	716.449	0.00110944	2.86451	716.449	0.00110944	3.18536	754.125	0.207896
37.5458	522.55	2.87134	717.565	0.00111083	2.87133	717.565	0.00111083	3.19248	755.231	0.208137
37.5459	523.123	2.87463	718.101	0.0011115	2.87462	718.101	0.0011115	3.1959	755.752	0.208254
37.5461	524.259	2.88099	719.137	0.0011128	2.881	719.138	0.0011128	3.20261	756.738	0.208491
37.5463	525.389	2.88723	720.148	0.00111407	2.88724	720.148	0.00111407	3.20924	757.649	0.208738
37.5465	526.517	2.8934	721.147	0.00111533	2.89342	721.149	0.00111534	3.21566	758.473	0.208989
37.5466	527.084	2.89647	721.647	0.00111595	2.89649	721.649	0.00111596	3.21871	758.848	0.209111
37.5468	528.232	2.90244	722.636	0.00111714	2.90246	722.637	0.00111715	3.2245	759.541	0.209347
37.547	529.399	2.90808	723.6	0.00111823	2.90811	723.602	0.00111824	3.22994	760.186	0.209569
37.5472	530.595	2.9135	724.55	0.00111925	2.91352	724.551	0.00111925	3.23525	760.83	0.209783
37.5473	531.212	2.9162	725.026	0.00111975	2.91622	725.027	0.00111975	3.23788	761.159	0.209887
37.5475	532.434	2.92135	725.935	0.00112071	2.92135	725.934	0.00112071	3.24281	761.798	0.210076
37.5476	533.038	2.92376	726.36	0.00112115	2.92377	726.362	0.00112116	3.24509	762.103	0.210162
37.5478	534.222	2.92817	727.143	0.00112197	2.92818	727.144	0.00112197	3.24919	762.666	0.210313
37.548	535.379	2.93212	727.842	0.0011227	2.93212	727.842	0.0011227	3.25283	763.169	0.210447
37.5482	536.519	2.93569	728.471	0.00112336	2.93568	728.47	0.00112335	3.25611	763.609	0.210569
37.5483	537.085	2.93733	728.763	0.00112366	2.93734	728.763	0.00112366	3.25755	763.799	0.210624
37.5485	538.208	2.9404	729.309	0.00112422	2.9404	729.31	0.00112422	3.26004	764.116	0.21072
37.5487	539.336	2.94303	729.8	0.00112467	2.94303	729.8	0.00112467	3.26206	764.363	0.210801
37.5489	540.479	2.9453	730.247	0.00112504	2.9453	730.247	0.00112504	3.26377	764.557	0.210872
37.549	541.055	2.94631	730.456	0.00112519	2.94631	730.456	0.00112519	3.26454	764.64	0.210905
37.5492	542.221	2.94817	730.854	0.00112546	2.94818	730.854	0.00112546	3.26596	764.785	0.210967
37.5494	543.431	2.94983	731.226	0.00112567	2.94983	731.226	0.00112567	3.26712	764.901	0.211018
37.5496	544.049	2.95055	731.398	0.00112575	2.95055	731.398	0.00112575	3.2675	764.941	0.211035
37.5498	545.263	2.95165	731.69	0.00112585	2.95165	731.69	0.00112585	3.26768	764.967	0.211041
37.55	546.447	2.95218	731.901	0.00112581	2.95218	731.901	0.00112581	3.26709	764.924	0.211012
37.5501	547.029	2.95225	731.979	0.00112575	2.95225	731.979	0.00112575	3.2665	764.877	0.210984
37.5503	548.18	2.95195	732.076	0.00112553	2.95196	732.078	0.00112553	3.26475	764.728	0.2109
37.5505	549.312	2.95107	732.098	0.00112517	2.95111	732.101	0.00112518	3.26209	764.496	0.210776
37.5507	550.434	2.9495	732.036	0.00112464	2.94953	732.039	0.00112465	3.25858	764.184	0.210612
37.5509	551.566	2.94713	731.884	0.00112391	2.94719	731.89	0.00112392	3.25439	763.808	0.210418
37.551	552.136	2.94568	731.778	0.00112347	2.94577	731.787	0.00112349	3.25218	763.608	0.210315
37.5512	553.281	2.94249	731.531	0.00112253	2.9425	731.532	0.00112253	3.24758	763.192	0.210102
37.5514	554.442	2.93888	731.236	0.00112148	2.9389	731.237	0.00112149	3.2427	762.748	0.209876
37.5515	555.036	2.93693	731.071	0.00112092	2.9369	731.068	0.00112091	3.24011	762.512	0.209757
37.5517	556.241	2.93264	730.695	0.0011197	2.93259	730.69	0.00111969	3.2345	762	0.209497
37.5519	557.456	2.92782	730.26	0.00111835	2.92785	730.262	0.00111835	3.22814	761.419	0.209203
37.552	558.055	2.92533	730.03	0.00111765	2.92527	730.024	0.00111764	3.22472	761.106	0.209044
37.5522	559.24	2.91987	729.517	0.00111614	2.91988	729.519	0.00111614	3.21737	760.432	0.208704
37.5524	560.398	2.91404	728.962	0.00111453	2.91394	728.953	0.0011145	3.20938	759.698	0.208334
37.5526	561.532	2.90768	728.35	0.00111277	2.90758	728.341	0.00111275	3.20098	758.925	0.207944
37.5527	562.095	2.9043	728.023	0.00111184	2.90424	728.018	0.00111183	3.19668	758.529	0.207744
37.5529	563.227	2.89722	727.336	0.00110989	2.89713	727.328	0.00110987	3.18807	757.734	0.207344
37.5531	564.368	2.88986	726.619	0.00110787	2.88976	726.609	0.00110784	3.17977	756.967	0.206958
37.5533	565.513	2.88246	725.896	0.00110583	2.88247	725.898	0.00110583	3.17198	756.246	0.206596
37.5534	566.09	2.87888	725.545	0.00110484	2.87883	725.54	0.00110483	3.16831	755.906	0.206425
37.5536	567.258	2.87172	724.84	0.00110288	2.87183	724.85	0.00110291	3.16137	755.261	0.206102
37.5538	568.44	2.86496	724.17	0.00110102	2.86504	724.177	0.00110104	3.15491	754.661	0.205801
37.5539	569.042	2.86168	723.842	0.00110012	2.86175	723.85	0.00110014	3.15184	754.374	0.205658
37.5541	570.251	2.85543	723.217	0.00109841	2.85549	723.222	0.00109842	3.14601	753.829	0.205387
37.5544	571.448	2.84972	722.643	0.00109684	2.84973	722.644	0.00109685	3.14068	753.33	0.205139
37.5545	572.035	2.84704	722.372	0.00109611	2.84711	722.379	0.00109613	3.13822	753.098	0.205024
37.5547	573.188	2.84213	721.878	0.00109476	2.84215	721.88	0.00109477	3.13376	752.68	0.204816
37.5549	574.328	2.83766	721.429	0.00109353	2.83767	721.43	0.00109354	3.12999	752.327	0.20464
37.5551	575.469	2.8337	721.033	0.00109244	2.83371	721.034	0.00109245	3.12704	752.051	0.204502
37.5552	576.04	2.83198	720.861	0.00109197	2.83195	720.859	0.00109196	3.12583	751.939	0.204446
37.5554	577.182	2.82894	720.56	0.00109113	2.82894	720.56	0.00109112	3.1239	751.761	0.204355
37.5556	578.325	2.82646	720.315	0.00109044	2.82647	720.317	0.00109044	3.12239	751.624	0.204284
37.5558	579.474	2.82442	720.115	0.00108987	2.82441	720.114	0.00108987	3.12115	751.512	0.204225
37.5559	580.054	2.82352	720.026	0.00108962	2.82352	720.026	0.00108962	3.12059	751.462	0.204198
37.5561	581.235	2.82193	719.871	0.00108918	2.82194	719.872	0.00108918	3.11947	751.36	0.204145
37.5563	582.453	2.82054	719.738	0.00108879	2.82054	719.738	0.00108879	3.11822	751.244	0.204087
37.5564	583.068	2.81986	719.674	0.00108859	2.81987	719.675	0.0010886	3.11753	751.178	0.204055
37.5566	584.267	2.81856	719.552	0.00108822	2.81855	719.551	0.00108822	3.11602	751.029	0.203985
37.5568	585.439	2.8172	719.427	0.00108784	2.81722	719.429	0.00108784	3.11437	750.859	0.203911
37.5569	586.02	2.81652	719.364	0.00108764	2.81651	719.364	0.00108764	3.11349	750.766	0.203872
37.5571	587.178	2.81506	719.231	0.00108723	2.81508	719.233	0.00108723	3.11165	750.566	0.203791
37.5573	588.319	2.81354	719.091	0.00108679	2.81356	719.093	0.0010868	3.10964	750.346	0.203704
37.5575	589.451	2.81191	718.94	0.00108633	2.8119	718.938	0.00108633	3.10744	750.104	0.203607
37.5576	590.018	2.81101	718.855	0.00108608	2.81102	718.856	0.00108608	3.10622	749.972	0.203554
37.5578	591.154	2.80909	718.671	0.00108553	2.80908	718.669	0.00108553	3.10364	749.692	0.20344
37.558	592.299	2.80695	718.461	0.00108494	2.80693	718.459	0.00108493	3.10087	749.388	0.203319
37.5582	593.464	2.80462	718.229	0.00108429	2.80459	718.226	0.00108428	3.09797	749.062	0.203194
37.5583	594.057	2.80338	718.104	0.00108395	2.80336	718.102	0.00108394	3.09645	748.887	0.203129
37.5585	595.27	2.80076	717.835	0.00108323	2.80075	717.834	0.00108322	3.09337	748.527	0.202998
37.5587	596.495	2.79802	717.55	0.00108248	2.79806	717.554	0.00108249	3.09046	748.173	0.202877
37.5588	597.097	2.79673	717.412	0.00108213	2.79673	717.412	0.00108213	3.0891	748.005	0.202822
37.559	598.29	2.7942	717.142	0.00108145	2.79423	717.144	0.00108146	3.08658	747.682	0.202721
37.5593	599.46	2.79186	716.884	0.00108082	2.79189	716.887	0.00108083	3.08418	747.368	0.202625
37.5594	600.036	2.79073	716.758	0.00108052	2.79076	716.76	0.00108053	3.083	747.213	0.202578
37.5596	601.175	2.78851	716.505	0.00107994	2.78853	716.507	0.00107994	3.08061	746.9	0.202483
37.5598	602.305	2.78631	716.248	0.00107937	2.7863	716.248	0.00107936	3.07821	746.588	0.202387
37.5599	603.432	2.78411	715.988	0.0010788	2.78409	715.986	0.00107879	3.07583	746.278	0.202292
37.5601	604.572	2.78192	715.721	0.00107824	2.7819	715.72	0.00107823	3.07343	745.964	0.202197
37.5602	605.148	2.78081	715.585	0.00107796	2.7808	715.585	0.00107796	3.07224	745.808	0.20215
37.5605	606.312	2.7786	715.309	0.0010774	2.77857	715.307	0.00107739	3.0699	745.5	0.202057
37.5607	607.51	2.77636	715.025	0.00107684	2.77634	715.023	0.00107684	3.06771	745.206	0.201971
37.5608	608.131	2.77525	714.882	0.00107657	2.77522	714.879	0.00107656	3.06666	745.063	0.20193
37.561	609.363	2.77319	714.607	0.00107607	2.77316	714.605	0.00107606	3.06481	744.803	0.20186
37.5612	610.562	2.77136	714.354	0.00107563	2.77135	714.354	0.00107563	3.06318	744.568	0.201799
37.5613	611.15	2.77053	714.236	0.00107544	2.77051	714.234	0.00107543	3.0624	744.455	0.20177
37.5615	612.308	2.76893	714.005	0.00107507	2.76893	714.005	0.00107507	3.06086	744.231	0.201713
37.5617	613.45	2.76741	713.78	0.00107473	2.76743	713.781	0.00107473	3.05931	744.008	0.201655
37.5618	614.015	2.76667	713.669	0.00107456	2.76669	713.671	0.00107457	3.05855	743.897	0.201627
37.562	615.137	2.76523	713.452	0.00107424	2.76525	713.454	0.00107424	3.05705	743.675	0.201572
37.5622	616.269	2.76382	713.238	0.00107392	2.76384	713.24	0.00107393	3.05563	743.452	0.201523
37.5624	617.413	2.76247	713.029	0.00107362	2.76248	713.03	0.00107363	3.05431	743.227	0.20148
37.5626	618.571	2.76117	712.826	0.00107334	2.76118	712.826	0.00107334	3.05315	743.004	0.201448
37.5627	619.161	2.76055	712.726	0.00107321	2.76056	712.727	0.00107321	3.05261	742.89	0.201435
37.5629	620.372	2.7594	712.534	0.00107297	2.75938	712.532	0.00107297	3.0516	742.653	0.201415
37.5631	621.596	2.75832	712.347	0.00107275	2.75831	712.347	0.00107275	3.05052	742.398	0.201394
37.5632	622.2	2.7578	712.256	0.00107265	2.75779	712.255	0.00107265	3.04994	742.266	0.201382
37.5634	623.388	2.75674	712.07	0.00107244	2.75673	712.07	0.00107244	3.04864	741.992	0.201351
37.5636	624.556	2.7556	711.876	0.00107221	2.7556	711.876	0.00107221	3.04719	741.709	0.201312
37.5637	625.129	2.75502	711.777	0.00107209	2.75501	711.775	0.00107209	3.04644	741.566	0.20129
37.5639	626.259	2.75379	711.569	0.00107184	2.75379	711.569	0.00107184	3.04487	741.278	0.201244
37.5641	627.384	2.7525	711.35	0.00107157	2.75249	711.349	0.00107157	3.0432	740.984	0.201192
37.5643	628.519	2.7511	711.114	0.00107129	2.75108	711.112	0.00107128	3.04145	740.68	0.201136
37.5644	629.092	2.75035	710.988	0.00107113	2.75035	710.987	0.00107113	3.04055	740.526	0.201107
37.5646	630.241	2.74881	710.727	0.00107082	2.7488	710.726	0.00107081	3.03877	740.218	0.20105
37.5648	631.406	2.74723	710.455	0.0010705	2.74721	710.453	0.00107049	3.03691	739.901	0.20099
37.5651	632.594	2.74557	710.168	0.00107016	2.74555	710.166	0.00107016	3.0349	739.571	0.200923
37.5652	633.196	2.7447	710.019	0.00106998	2.74467	710.015	0.00106998	3.03382	739.398	0.200885
37.5654	634.412	2.74283	709.702	0.0010696	2.7428	709.699	0.00106959	3.03145	739.037	0.2008
37.5655	635.014	2.74185	709.539	0.0010694	2.74182	709.535	0.00106939	3.03021	738.853	0.200754
37.5657	636.203	2.7398	709.203	0.00106896	2.73979	709.2	0.00106896	3.02771	738.488	0.200661
37.5659	637.364	2.73772	708.865	0.00106852	2.73772	708.864	0.00106852	3.02528	738.133	0.20057
37.5661	638.502	2.73567	708.532	0.00106808	2.73566	708.53	0.00106808	3.023	737.796	0.200486
37.5662	639.068	2.73464	708.365	0.00106786	2.73465	708.365	0.00106786	3.02192	737.632	0.200447
37.5664	640.205	2.73263	708.035	0.00106743	2.73265	708.036	0.00106744	3.01988	737.317	0.200374
37.5666	641.344	2.73071	707.714	0.00106703	2.73071	707.714	0.00106703	3.01798	737.016	0.200308
37.5668	642.491	2.72887	707.401	0.00106665	2.72887	707.4	0.00106665	3.01618	736.726	0.200246
37.5669	643.066	2.72797	707.246	0.00106647	2.72799	707.247	0.00106648	3.01531	736.584	0.200216
37.5671	644.222	2.72625	706.944	0.00106613	2.72626	706.944	0.00106613	3.01359	736.302	0.200158
37.5673	645.396	2.72457	706.645	0.00106579	2.72457	706.644	0.00106579	3.01185	736.017	0.200099
37.5675	646.609	2.72286	706.34	0.00106546	2.72288	706.342	0.00106546	3.0102	735.735	0.200045
37.5676	647.222	2.72205	706.192	0.0010653	2.72205	706.192	0.0010653	3.00947	735.602	0.200023
37.5678	648.429	2.72055	705.912	0.00106502	2.72057	705.914	0.00106502	3.00831	735.364	0.199993
37.5679	649.019	2.71992	705.785	0.00106491	2.71992	705.786	0.00106491	3.00791	735.262	0.199986
37.5681	650.181	2.71886	705.558	0.00106474	2.71887	705.559	0.00106474	3.00746	735.086	0.199992
37.5683	651.331	2.71813	705.366	0.00106466	2.71813	705.367	0.00106466	3.00751	734.945	0.200023
37.5685	652.472	2.71774	705.211	0.00106468	2.71775	705.212	0.00106468	3.00803	734.831	0.20008
37.5686	653.039	2.71769	705.149	0.00106473	2.7177	705.15	0.00106473	3.00847	734.782	0.200119
37.5688	654.169	2.71788	705.054	0.00106491	2.71788	705.055	0.00106491	3.00956	734.693	0.200209
37.569	655.301	2.71841	704.995	0.00106518	2.71839	704.994	0.00106517	3.01095	734.616	0.200317
37.5692	656.444	2.7191	704.949	0.0010655	2.71917	704.957	0.00106552	3.01256	734.551	0.200437
37.5693	657.02	2.71967	704.949	0.00106572	2.71969	704.952	0.00106573	3.01347	734.523	0.200503
37.5695	658.191	2.7208	704.944	0.00106617	2.72091	704.955	0.0010662	3.01552	734.483	0.200647
37.5697	659.395	2.72232	704.971	0.00106674	2.72232	704.971	0.00106674	3.01797	734.463	0.200814
37.5699	660.013	2.72326	704.999	0.00106708	2.72323	704.995	0.00106707	3.01933	734.458	0.200906
37.5701	661.224	2.72519	705.056	0.00106777	2.72518	705.055	0.00106777	3.02218	734.457	0.201096
37.5703	662.41	2.72737	705.131	0.00106854	2.72732	705.126	0.00106853	3.02511	734.465	0.201289
37.5705	663.581	2.7297	705.213	0.00106936	2.72979	705.223	0.00106939	3.02801	734.478	0.20148
37.5706	664.158	2.73099	705.266	0.00106981	2.73085	705.251	0.00106977	3.02939	734.482	0.201571
37.5708	665.298	2.73325	705.33	0.00107063	2.73329	705.334	0.00107064	3.03209	734.487	0.201749
37.571	666.429	2.73568	705.407	0.0010715	2.73562	705.4	0.00107148	3.03464	734.476	0.201921
37.5712	667.554	2.73794	705.457	0.00107233	2.73796	705.458	0.00107233	3.03711	734.449	0.202091
37.5713	668.118	2.7391	705.481	0.00107275	2.73913	705.483	0.00107276	3.03834	734.433	0.202176
37.5715	669.256	2.7414	705.521	0.00107361	2.74138	705.518	0.0010736	3.0409	734.401	0.202353
37.5717	670.413	2.74371	705.551	0.00107448	2.7437	705.549	0.00107448	3.04363	734.378	0.20254
37.5719	671.594	2.74617	705.585	0.00107541	2.74601	705.569	0.00107536	3.04656	734.36	0.202738
37.572	672.199	2.7473	705.587	0.00107585	2.74737	705.595	0.00107587	3.04811	734.353	0.202842
37.5722	673.435	2.74986	705.611	0.00107683	2.75	705.626	0.00107686	3.05145	734.352	0.203065
37.5723	674.045	2.75124	705.633	0.00107734	2.75147	705.657	0.0010774	3.05313	734.356	0.203176
37.5725	675.24	2.75421	705.698	0.00107843	2.75418	705.694	0.00107842	3.05652	734.376	0.203397
37.5727	676.407	2.75706	705.749	0.00107949	2.75704	705.746	0.00107949	3.05984	734.403	0.203613
37.5729	677.554	2.7597	705.775	0.0010805	2.75987	705.792	0.00108054	3.06312	734.434	0.203825
37.573	678.122	2.7612	705.805	0.00108105	2.7613	705.816	0.00108108	3.06477	734.452	0.203931
37.5732	679.247	2.7639	705.834	0.00108208	2.76407	705.852	0.00108212	3.06821	734.5	0.20415
37.5734	680.37	2.76706	705.908	0.00108323	2.76699	705.9	0.00108321	3.07188	734.562	0.204382
37.5736	681.506	2.77003	705.954	0.00108434	2.77019	705.969	0.00108439	3.0758	734.641	0.204626
37.5737	682.078	2.77172	705.996	0.00108496	2.77169	705.991	0.00108495	3.07782	734.684	0.204752
37.5739	683.233	2.77504	706.067	0.00108618	2.77524	706.087	0.00108624	3.0821	734.787	0.205016
37.5741	684.42	2.77902	706.198	0.00108759	2.77904	706.197	0.0010876	3.08673	734.903	0.2053
37.5742	685.034	2.78106	706.262	0.00108832	2.78109	706.263	0.00108833	3.08921	734.965	0.205452
37.5745	686.26	2.78525	706.399	0.00108981	2.78527	706.399	0.00108981	3.09426	735.088	0.205763
37.5747	687.456	2.78936	706.532	0.00109127	2.78948	706.543	0.0010913	3.09932	735.212	0.206075
37.5748	688.045	2.79155	706.613	0.00109203	2.79162	706.619	0.00109205	3.10185	735.275	0.20623
37.575	689.208	2.79594	706.78	0.00109356	2.79594	706.779	0.00109357	3.10698	735.412	0.206543
37.5752	690.347	2.80031	706.946	0.00109509	2.8003	706.944	0.00109509	3.1122	735.562	0.206859
37.5754	691.469	2.80469	707.113	0.00109661	2.80468	707.111	0.00109661	3.11761	735.734	0.207183
37.5755	692.03	2.80698	707.205	0.0010974	2.80698	707.205	0.00109741	3.12039	735.825	0.207349
37.5757	693.161	2.81175	707.402	0.00109905	2.81176	707.403	0.00109905	3.12603	736.013	0.207685
37.5759	694.301	2.81671	707.609	0.00110075	2.81669	707.607	0.00110075	3.13175	736.226	0.208022
37.5761	695.449	2.82169	707.81	0.00110248	2.82173	707.812	0.00110249	3.13768	736.538	0.208351
37.5762	696.033	2.8243	707.917	0.00110338	2.8243	707.915	0.00110338	3.14077	736.768	0.208509
37.5764	697.224	2.82977	708.145	0.00110525	2.82977	708.145	0.00110526	3.14731	737.482	0.208795
37.5766	698.435	2.83561	708.402	0.00110724	2.83559	708.4	0.00110724	3.15446	738.673	0.209023
37.5767	699.038	2.83862	708.538	0.00110827	2.83863	708.538	0.00110827	3.15823	739.446	0.209114
37.5769	700.23	2.84489	708.838	0.00111038	2.84491	708.839	0.00111038	3.16605	741.171	0.209274
37.5771	701.402	2.85146	709.174	0.00111256	2.85147	709.174	0.00111256	3.17423	742.84	0.209471
37.5773	702.544	2.85834	709.562	0.0011148	2.85835	709.562	0.00111481	3.1822	744.207	0.209714
37.5774	703.108	2.86178	709.771	0.00111591	2.86179	709.771	0.00111591	3.18599	744.805	0.209841
37.5776	704.237	2.86872	710.242	0.00111808	2.86873	710.242	0.00111808	3.19316	745.953	0.210076
37.5778	705.372	2.87547	710.79	0.00112009	2.87547	710.79	0.00112009	3.19994	747.148	0.210275
37.578	706.511	2.88216	711.462	0.00112193	2.88216	711.462	0.00112193	3.20645	748.37	0.210452
37.5781	707.083	2.88545	711.843	0.00112277	2.88545	711.843	0.00112277	3.20961	748.958	0.210537
37.5783	708.238	2.89192	712.686	0.00112433	2.89192	712.686	0.00112433	3.21571	750.048	0.210713
37.5785	709.405	2.89808	713.579	0.0011257	2.89808	713.579	0.0011257	3.22144	751.011	0.21089
37.5787	710.595	2.90392	714.483	0.00112694	2.90391	714.482	0.00112694	3.22677	751.9	0.211056
37.5788	711.203	2.90673	714.937	0.00112751	2.90673	714.935	0.00112751	3.2293	752.333	0.211132
37.579	712.411	2.91205	715.831	0.00112855	2.91204	715.83	0.00112855	3.23394	753.159	0.211265
37.5791	713.006	2.91452	716.27	0.00112901	2.91451	716.269	0.00112901	3.23605	753.546	0.211323
37.5793	714.17	2.91905	717.123	0.00112979	2.91904	717.121	0.00112979	3.23975	754.248	0.211421
37.5795	715.314	2.92305	717.933	0.00113041	2.92304	717.931	0.00113041	3.24291	754.856	0.211501
37.5797	716.454	2.92656	718.693	0.0011309	2.92655	718.692	0.0011309	3.2456	755.378	0.211569
37.5798	717.023	2.92815	719.052	0.00113111	2.92815	719.052	0.00113111	3.24679	755.61	0.211599
37.58	718.161	2.93104	719.736	0.00113144	2.93104	719.735	0.00113144	3.24896	756.028	0.211655
37.5802	719.297	2.93361	720.379	0.0011317	2.93361	720.379	0.0011317	3.25072	756.374	0.211698